 0.166      0      0      0      0      0      0      0      0      0      0      0      0      0      0      0      0      0      0      0      0      0      0      0      0
     0  0.006      0      0      0      0      0      0      0      0      0      0      0      0      0      0      0      0      0      0      0      0      0      0      0
     0      0  0.018      0      0      0      0      0      0      0      0      0      0      0      0      0      0      0      0      0      0      0      0      0      0
     0      0      0 0.0005      0      0      0      0      0      0      0      0      0      0      0      0      0      0      0      0      0      0      0      0      0
     0      0      0      0 0.0005      0      0      0      0      0      0      0      0      0      0      0      0      0      0      0      0      0      0      0      0
     0      0      0      0      0  0.305      0      0      0      0      0      0      0      0      0      0      0      0      0      0      0      0      0      0      0
     0      0      0      0      0      0  0.001      0      0      0      0      0      0      0      0      0      0      0      0      0      0      0      0      0      0
     0      0      0      0      0      0      0  0.001      0      0      0      0      0      0      0      0      0      0      0      0      0      0      0      0      0
     0      0      0      0      0      0      0      0  0.001      0      0      0      0      0      0      0      0      0      0      0      0      0      0      0      0
     0      0      0      0      0      0      0      0      0  0.001      0      0      0      0      0      0      0      0      0      0      0      0      0      0      0
     0      0      0      0      0      0      0      0      0      0 0.0009      0      0      0      0      0      0      0      0      0      0      0      0      0      0
     0      0      0      0      0      0      0      0      0      0      0  0.001      0      0      0      0      0      0      0      0      0      0      0      0      0
     0      0      0      0      0      0      0      0      0      0      0      0  0.001      0      0      0      0      0      0      0      0      0      0      0      0
     0      0      0      0      0      0      0      0      0      0      0      0      0  0.001      0      0      0      0      0      0      0      0      0      0      0
     0      0      0      0      0      0      0      0      0      0      0      0      0      0  0.001      0      0      0      0      0      0      0      0      0      0
     0      0      0      0      0      0      0      0      0      0      0      0      0      0      0 0.0001      0      0      0      0      0      0      0      0      0
     0      0      0      0      0      0      0      0      0      0      0      0      0      0      0      0  0.001      0      0      0      0      0      0      0      0
     0      0      0      0      0      0      0      0      0      0      0      0      0      0      0      0      0  0.002      0      0      0      0      0      0      0
     0      0      0      0      0      0      0      0      0      0      0      0      0      0      0      0      0      0   0.02      0      0      0      0      0      0
     0      0      0      0      0      0      0      0      0      0      0      0      0      0      0      0      0      0      0   0.02      0      0      0      0      0
     0      0      0      0      0      0      0      0      0      0      0      0      0      0      0      0      0      0      0      0  0.001      0      0      0      0
     0      0      0      0      0      0      0      0      0      0      0      0      0      0      0      0      0      0      0      0      0  0.001      0      0      0
     0      0      0      0      0      0      0      0      0      0      0      0      0      0      0      0      0      0      0      0      0      0  0.001      0      0
     0      0      0      0      0      0      0      0      0      0      0      0      0      0      0      0      0      0      0      0      0      0      0  0.001      0
     0      0      0      0      0      0      0      0      0      0      0      0      0      0      0      0      0      0      0      0      0      0      0      0  0.001
     61.4213     0.104258      -0.2496    0.0487589  -0.00505746     -6.43274    0.0600147     0.045493  -0.00609217    -0.198387      0.18955   -0.0706934   -0.0841154    0.0405508   0.00640311  -0.00380767  -0.00336996   -0.0167213   -0.0688002     0.010106  -1.9654e-06  -2.6892e-05    0.0206125    0.0182183  -0.00625964
    0.104258    0.0195992   -0.0112957  8.12704e-05  -0.00124464   -0.0318772 -0.000996466 -0.000134725  0.000801682   0.00323681   0.00376503 -0.000608382   0.00117084    9.986e-05 -0.000114387  0.000104831  0.000133866  3.14933e-05  0.000477596 -8.84944e-06 -3.70186e-08 -1.76011e-07  0.000705191  0.000187837 -0.000276097
     -0.2496   -0.0112957    0.0528339  -0.00128943  -0.00307635   -0.0814038   0.00261119   0.00172152  -0.00212633  -0.00325974  -0.00524808 -9.76501e-05  0.000698882 -2.68091e-05 -3.12755e-05 -0.000121918 -0.000110901 -0.000102744   0.00124315 -0.000153304  -5.4789e-08  1.76249e-07   0.00284022   -0.0075847  2.77204e-05
   0.0487589  8.12704e-05  -0.00128943   0.00035007  2.43733e-05     0.015223  0.000166356 -0.000133174  1.58687e-05  0.000271883  0.000361538 -0.000362522  0.000517984  -7.5601e-05  4.98159e-06 -1.57997e-05  4.53704e-06  1.33924e-06 -8.98778e-05  1.89178e-05 -1.77599e-09 -3.98305e-08  0.000401103 -0.000123375 -5.43317e-05
 -0.00505746  -0.00124464  -0.00307635  2.43733e-05  0.000886565    0.0200609 -0.000123624 -0.000181237 -0.000134719 -5.32944e-05 -0.000373087 -4.28474e-05  -0.00016641  7.67124e-05  3.95396e-06 -1.77359e-05  -2.2855e-05 -3.38274e-05  6.18513e-06 -7.92885e-06  1.34886e-08  1.19397e-08 -0.000446939   0.00130809 -3.13954e-05
    -6.43274   -0.0318772   -0.0814038     0.015223    0.0200609      3.74542  -0.00559471   -0.0168039  -0.00482092    0.0299798   -0.0172883   -0.0148096    0.0542304   -0.0120894 -0.000547802  -0.00106639 -0.000116122  0.000358295   0.00686484  0.000137183  7.65479e-07  1.30157e-06    0.0081868    0.0247231  -0.00332853
   0.0600147 -0.000996466   0.00261119  0.000166356 -0.000123624  -0.00559471  0.000730651  0.000391645 -0.000122508 -0.000206439  0.000145012 -0.000324783  0.000456268 -0.000107959 -2.79692e-05 -2.69149e-05 -1.57888e-05 -5.21713e-05 -0.000101732  1.51781e-05 -5.46006e-09 -1.13839e-08  0.000940997   -0.0012131 -3.70796e-05
    0.045493 -0.000134725   0.00172152 -0.000133174 -0.000181237   -0.0168039  0.000391645  0.000943494 -4.42363e-05 -0.000793492  0.000149682  0.000104902  -0.00021285 -2.27609e-05 -4.04801e-05 -2.82396e-06 -1.99313e-05  -5.9256e-05  -6.7116e-05  8.97556e-06  5.95955e-09  1.61939e-08  0.000364189  -0.00074301  4.69046e-05
 -0.00609217  0.000801682  -0.00212633  1.58687e-05 -0.000134719  -0.00482092 -0.000122508 -4.42363e-05  0.000663131  0.000679208  0.000517634  4.72626e-05  3.42257e-05 -5.54327e-05  2.44216e-05  2.80186e-05  3.19365e-05  8.29904e-05 -0.000184775  1.52075e-05  1.01365e-09 -1.84951e-08 -0.000261489  0.000228004  1.18451e-05
   -0.198387   0.00323681  -0.00325974  0.000271883 -5.32944e-05    0.0299798 -0.000206439 -0.000793492  0.000679208   0.00368515  0.000904186 -0.000590759   0.00158358 -0.000287034 -2.76182e-05  1.84312e-05  7.49303e-05  0.000182591  0.000106406  -2.1684e-05 -5.93836e-09  6.68384e-08  0.000816793  -0.00019606 -0.000158093
     0.18955   0.00376503  -0.00524808  0.000361538 -0.000373087   -0.0172883  0.000145012  0.000149682  0.000517634  0.000904186   0.00222126  -0.00043765  0.000343984 -5.31774e-05 -1.94369e-05  6.14264e-06  2.49301e-05 -1.61185e-05 -0.000369608  5.86859e-05 -8.87016e-09 -8.94282e-08  0.000765818 -0.000630282 -4.85424e-05
  -0.0706934 -0.000608382 -9.76501e-05 -0.000362522 -4.28474e-05   -0.0148096 -0.000324783  0.000104902  4.72626e-05 -0.000590759  -0.00043765   0.00069968 -0.000899407   6.1245e-05 -9.58503e-07    2.757e-05 -7.71723e-06  4.52514e-06  5.82507e-05 -2.15068e-05   5.7043e-09  5.73292e-08 -0.000699808  0.000373825  0.000119131
  -0.0841154   0.00117084  0.000698882  0.000517984  -0.00016641    0.0542304  0.000456268  -0.00021285  3.42257e-05   0.00158358  0.000343984 -0.000899407    0.0022546 -0.000434525 -3.83763e-05 -2.55158e-05  2.83713e-05  8.20539e-06  0.000118023  1.39062e-05 -6.29572e-09  -1.4358e-08   0.00162066  -0.00139821 -0.000181527
   0.0405508    9.986e-05 -2.68091e-05  -7.5601e-05  7.67124e-05   -0.0120894 -0.000107959 -2.27609e-05 -5.54327e-05 -0.000287034 -5.31774e-05   6.1245e-05 -0.000434525  0.000148209  1.61487e-05    6.679e-08 -5.74922e-06  -6.9092e-06  1.01333e-05 -5.01317e-06 -1.05192e-09  -1.7802e-08 -0.000377136  0.000455628  1.07116e-05
  0.00640311 -0.000114387 -3.12755e-05  4.98159e-06  3.95396e-06 -0.000547802 -2.79692e-05 -4.04801e-05  2.44216e-05 -2.76182e-05 -1.94369e-05 -9.58503e-07 -3.83763e-05  1.61487e-05  1.22023e-05  1.02627e-06  2.36153e-06  7.83832e-06 -1.92838e-05  1.97338e-06 -7.47031e-10 -9.83799e-09 -0.000101043  8.23972e-05  1.54077e-06
 -0.00380767  0.000104831 -0.000121918 -1.57997e-05 -1.77359e-05  -0.00106639 -2.69149e-05 -2.82396e-06  2.80186e-05  1.84312e-05  6.14264e-06    2.757e-05 -2.55158e-05    6.679e-08  1.02627e-06  3.47427e-06  2.49208e-06  5.86707e-06 -5.02171e-06 -5.46844e-08 -1.10469e-10  9.82566e-10 -3.91691e-05  1.48028e-05  4.02351e-06
 -0.00336996  0.000133866 -0.000110901  4.53704e-06  -2.2855e-05 -0.000116122 -1.57888e-05 -1.99313e-05  3.19365e-05  7.49303e-05  2.49301e-05 -7.71723e-06  2.83713e-05 -5.74922e-06  2.36153e-06  2.49208e-06  4.68835e-06  9.69291e-06 -8.04332e-06  9.95232e-07 -4.87474e-10  -1.6674e-09 -1.04709e-05 -8.14968e-06 -1.70902e-06
  -0.0167213  3.14933e-05 -0.000102744  1.33924e-06 -3.38274e-05  0.000358295 -5.21713e-05  -5.9256e-05  8.29904e-05  0.000182591 -1.61185e-05  4.52514e-06  8.20539e-06  -6.9092e-06  7.83832e-06  5.86707e-06  9.69291e-06  4.26026e-05 -3.78873e-05  2.97725e-06  1.74495e-10  4.12915e-09 -0.000108367  7.87897e-05  3.58683e-06
  -0.0688002  0.000477596   0.00124315 -8.98778e-05  6.18513e-06   0.00686484 -0.000101732  -6.7116e-05 -0.000184775  0.000106406 -0.000369608  5.82507e-05  0.000118023  1.01333e-05 -1.92838e-05 -5.02171e-06 -8.04332e-06 -3.78873e-05  0.000355295 -4.08637e-05  2.36735e-10  2.71028e-08  3.36124e-05  0.000134248 -1.58792e-05
    0.010106 -8.84944e-06 -0.000153304  1.89178e-05 -7.92885e-06  0.000137183  1.51781e-05  8.97556e-06  1.52075e-05  -2.1684e-05  5.86859e-05 -2.15068e-05  1.39062e-05 -5.01317e-06  1.97338e-06 -5.46844e-08  9.95232e-07  2.97725e-06 -4.08637e-05  6.41458e-06  7.48214e-12 -5.86401e-09  9.13081e-06 -2.96387e-05  2.31269e-07
 -1.9654e-06 -3.70186e-08  -5.4789e-08 -1.77599e-09  1.34886e-08  7.65479e-07 -5.46006e-09  5.95955e-09  1.01365e-09 -5.93836e-09 -8.87016e-09   5.7043e-09 -6.29572e-09 -1.05192e-09 -7.47031e-10 -1.10469e-10 -4.87474e-10  1.74495e-10  2.36735e-10  7.48214e-12  8.07167e-13  1.75767e-12 -1.43465e-08  2.83001e-08  1.42695e-09
 -2.6892e-05 -1.76011e-07  1.76249e-07 -3.98305e-08  1.19397e-08  1.30157e-06 -1.13839e-08  1.61939e-08 -1.84951e-08  6.68384e-08 -8.94282e-08  5.73292e-08  -1.4358e-08  -1.7802e-08 -9.83799e-09  9.82566e-10  -1.6674e-09  4.12915e-09  2.71028e-08 -5.86401e-09  1.75767e-12  2.50577e-11  1.55556e-08 -2.48172e-08  1.01609e-08
   0.0206125  0.000705191   0.00284022  0.000401103 -0.000446939    0.0081868  0.000940997  0.000364189 -0.000261489  0.000816793  0.000765818 -0.000699808   0.00162066 -0.000377136 -0.000101043 -3.91691e-05 -1.04709e-05 -0.000108367  3.36124e-05  9.13081e-06 -1.43465e-08  1.55556e-08   0.00251373  -0.00275603 -0.000127659
   0.0182183  0.000187837   -0.0075847 -0.000123375   0.00130809    0.0247231   -0.0012131  -0.00074301  0.000228004  -0.00019606 -0.000630282  0.000373825  -0.00139821  0.000455628  8.23972e-05  1.48028e-05 -8.14968e-06  7.87897e-05  0.000134248 -2.96387e-05  2.83001e-08 -2.48172e-08  -0.00275603   0.00477877  1.44868e-05
 -0.00625964 -0.000276097  2.77204e-05 -5.43317e-05 -3.13954e-05  -0.00332853 -3.70796e-05  4.69046e-05  1.18451e-05 -0.000158093 -4.85424e-05  0.000119131 -0.000181527  1.07116e-05  1.54077e-06  4.02351e-06 -1.70902e-06  3.58683e-06 -1.58792e-05  2.31269e-07  1.42695e-09  1.01609e-08 -0.000127659  1.44868e-05  3.01528e-05
    140.451
    4.91401
    6.38038
   0.876542
   0.742043
    362.107
   0.112362
   0.152404
   0.529553
   0.764747
   0.705228
   0.860637
   0.876065
   0.314206
   0.619686
  0.0965923
   0.998471
    1.99727
   -4.64393
  -0.228196
3.06858e-05
0.000146421
   0.352344
   0.480667
   0.237924