 0.166      0      0      0      0      0      0      0      0      0      0      0      0      0      0      0      0      0      0      0      0      0      0      0      0
     0  0.006      0      0      0      0      0      0      0      0      0      0      0      0      0      0      0      0      0      0      0      0      0      0      0
     0      0  0.018      0      0      0      0      0      0      0      0      0      0      0      0      0      0      0      0      0      0      0      0      0      0
     0      0      0 0.0005      0      0      0      0      0      0      0      0      0      0      0      0      0      0      0      0      0      0      0      0      0
     0      0      0      0 0.0005      0      0      0      0      0      0      0      0      0      0      0      0      0      0      0      0      0      0      0      0
     0      0      0      0      0  0.305      0      0      0      0      0      0      0      0      0      0      0      0      0      0      0      0      0      0      0
     0      0      0      0      0      0  0.001      0      0      0      0      0      0      0      0      0      0      0      0      0      0      0      0      0      0
     0      0      0      0      0      0      0  0.001      0      0      0      0      0      0      0      0      0      0      0      0      0      0      0      0      0
     0      0      0      0      0      0      0      0  0.001      0      0      0      0      0      0      0      0      0      0      0      0      0      0      0      0
     0      0      0      0      0      0      0      0      0  0.001      0      0      0      0      0      0      0      0      0      0      0      0      0      0      0
     0      0      0      0      0      0      0      0      0      0 0.0009      0      0      0      0      0      0      0      0      0      0      0      0      0      0
     0      0      0      0      0      0      0      0      0      0      0  0.001      0      0      0      0      0      0      0      0      0      0      0      0      0
     0      0      0      0      0      0      0      0      0      0      0      0  0.001      0      0      0      0      0      0      0      0      0      0      0      0
     0      0      0      0      0      0      0      0      0      0      0      0      0  0.001      0      0      0      0      0      0      0      0      0      0      0
     0      0      0      0      0      0      0      0      0      0      0      0      0      0  0.001      0      0      0      0      0      0      0      0      0      0
     0      0      0      0      0      0      0      0      0      0      0      0      0      0      0 0.0001      0      0      0      0      0      0      0      0      0
     0      0      0      0      0      0      0      0      0      0      0      0      0      0      0      0  0.001      0      0      0      0      0      0      0      0
     0      0      0      0      0      0      0      0      0      0      0      0      0      0      0      0      0  0.002      0      0      0      0      0      0      0
     0      0      0      0      0      0      0      0      0      0      0      0      0      0      0      0      0      0   0.02      0      0      0      0      0      0
     0      0      0      0      0      0      0      0      0      0      0      0      0      0      0      0      0      0      0   0.02      0      0      0      0      0
     0      0      0      0      0      0      0      0      0      0      0      0      0      0      0      0      0      0      0      0  0.001      0      0      0      0
     0      0      0      0      0      0      0      0      0      0      0      0      0      0      0      0      0      0      0      0      0  0.001      0      0      0
     0      0      0      0      0      0      0      0      0      0      0      0      0      0      0      0      0      0      0      0      0      0  0.001      0      0
     0      0      0      0      0      0      0      0      0      0      0      0      0      0      0      0      0      0      0      0      0      0      0  0.001      0
     0      0      0      0      0      0      0      0      0      0      0      0      0      0      0      0      0      0      0      0      0      0      0      0  0.001
     183.028      1.21613      3.19782     0.254277    -0.484445    -0.720976     0.448252     -0.24087     0.200682    -0.211207    0.0130836     -0.28296    -0.322811     0.257218   -0.0312636  -0.00165958    0.0277003    0.0569934   -0.0575368   0.00425517 -1.40727e-05  -5.5738e-05    -0.268018       1.0106   -0.0379463
     1.21613    0.0616316   0.00765305 -0.000132656  -0.00439134    0.0638381  -0.00228634  -0.00211473   0.00350908  0.000542347   0.00220728  -0.00157358  -0.00459635   0.00416637 -0.000521754  0.000378993   0.00028354   0.00158628 -0.000240591  7.51098e-05 -2.02788e-07 -1.29393e-06   -0.0054952    0.0146268  -0.00136497
     3.19782   0.00765305     0.360027   0.00299804   -0.0254815    -0.658893    0.0351791   0.00637444  -0.00729762  -0.00956723   -0.0269672   -0.0150082  -0.00812205    0.0133742  -0.00343896  -0.00124944 -0.000259135   0.00135429   0.00550748 -0.000318662 -7.77011e-07  -4.4653e-07    0.0136308  -0.00474735  -0.00232302
    0.254277 -0.000132656   0.00299804  0.000844628 -0.000954185    0.0177875   0.00101222 -0.000213195  0.000281766 -0.000397785  0.000526865  -0.00055456  0.000359522 -3.36503e-05 -3.46558e-05  -2.5289e-05  7.46251e-05  3.20357e-05 -0.000255691   5.3743e-05 -1.73852e-08 -9.77681e-08  0.000281606  0.000305105  6.20414e-06
   -0.484445  -0.00439134   -0.0254815 -0.000954185   0.00431555  -0.00459228  -0.00241754  0.000469465  -0.00154259  0.000782676 -0.000231069  0.000726019  0.000306572 -0.000508637  0.000153192 -3.70878e-06 -0.000189213 -0.000432659  0.000630342 -0.000106254  8.73425e-08  2.27808e-07  0.000279853 -9.79492e-05  3.17218e-05
   -0.720976    0.0638381    -0.658893    0.0177875  -0.00459228      9.38372   -0.0782648   -0.0531101    0.0630581   -0.0357854     0.105077    0.0515245    0.0435829   -0.0578402   0.00576602   0.00388582   0.00812844   0.00888974   -0.0558324   0.00621908   1.4898e-06 -4.34214e-06   -0.0379392    0.0252952   0.00665959
    0.448252  -0.00228634    0.0351791   0.00101222  -0.00241754   -0.0782648    0.0056314   0.00164021  -0.00115914  -0.00148096  -0.00234292  -0.00218907 -0.000371324   0.00124868 -0.000486073 -0.000189263 -2.52856e-05  -0.00025633  0.000707205 -3.38122e-05 -5.53532e-08 -3.51923e-08   0.00309276  -0.00212369 -0.000155808
    -0.24087  -0.00211473   0.00637444 -0.000213195  0.000469465   -0.0531101   0.00164021   0.00291051  -0.00164369 -0.000986022  -0.00109513 -0.000484494  0.000797333  3.36274e-05 -0.000173926 -0.000102596    -0.000157 -0.000471036   0.00106877 -5.09786e-05  2.49664e-08  9.09816e-08    0.0024472   -0.0037293 -6.72456e-06
    0.200682   0.00350908  -0.00729762  0.000281766  -0.00154259    0.0630581  -0.00115914  -0.00164369    0.0031264  0.000187649    0.0018163   0.00091579 -0.000148267 -0.000514539  0.000196071  0.000164291  0.000247897  0.000428401  -0.00132888  0.000109673 -2.48588e-08 -2.12808e-07  -0.00284049   0.00255964  0.000149854
   -0.211207  0.000542347  -0.00956723 -0.000397785  0.000782676   -0.0357854  -0.00148096 -0.000986022  0.000187649   0.00301553  0.000690938  0.000370012 -0.000270286 -9.59123e-05  0.000108479  7.61918e-05  7.10096e-06  0.000203736 -0.000259162 -4.27911e-05  1.32286e-08  1.45858e-07  -0.00029418  0.000137546 -9.36164e-06
   0.0130836   0.00220728   -0.0269672  0.000526865 -0.000231069     0.105077  -0.00234292  -0.00109513    0.0018163  0.000690938   0.00448926   0.00133439   0.00087489  -0.00145477  0.000290701   0.00014295  0.000170229  2.47986e-05  -0.00116056  0.000123502  4.55879e-08 -7.03959e-08  -0.00128032 -8.21545e-05  0.000318337
    -0.28296  -0.00157358   -0.0150082  -0.00055456  0.000726019    0.0515245  -0.00218907 -0.000484494   0.00091579  0.000370012   0.00133439   0.00147907  0.000241256 -0.000937427  0.000209738  9.27229e-05  3.11391e-05  3.41734e-05 -0.000515049  2.64682e-05  4.10744e-08  9.95156e-08  -0.00120064 -0.000332374  0.000221992
   -0.322811  -0.00459635  -0.00812205  0.000359522  0.000306572    0.0435829 -0.000371324  0.000797333 -0.000148267 -0.000270286   0.00087489  0.000241256    0.0034799  -0.00172658  0.000146677 -3.50873e-05  2.46641e-05 -0.000215842 -1.86648e-05  8.52767e-05  8.56929e-09  -5.3331e-09   0.00211539  -0.00456234  0.000113383
    0.257218   0.00416637    0.0133742 -3.36503e-05 -0.000508637   -0.0578402   0.00124868  3.36274e-05 -0.000514539 -9.59123e-05  -0.00145477 -0.000937427  -0.00172658   0.00143711 -0.000196925 -3.46231e-05 -5.09035e-05  7.77624e-05  0.000440046 -6.41369e-05 -3.29536e-08 -7.29972e-08 -0.000343521   0.00228305 -0.000228566
  -0.0312636 -0.000521754  -0.00343896 -3.46558e-05  0.000153192   0.00576602 -0.000486073 -0.000173926  0.000196071  0.000108479  0.000290701  0.000209738  0.000146677 -0.000196925    7.217e-05  1.81904e-05  1.34653e-05  1.51842e-05 -0.000111828  8.72598e-06  4.28327e-09  -9.9904e-10 -0.000346018  6.76005e-05  3.90472e-05
 -0.00165958  0.000378993  -0.00124944  -2.5289e-05 -3.70878e-06   0.00388582 -0.000189263 -0.000102596  0.000164291  7.61918e-05   0.00014295  9.27229e-05 -3.50873e-05 -3.46231e-05  1.81904e-05  1.43497e-05   1.1668e-05  2.50101e-05 -7.34215e-05  3.26582e-06  6.67889e-10   -9.073e-09 -0.000199454  0.000168226   6.9131e-06
   0.0277003   0.00028354 -0.000259135  7.46251e-05 -0.000189213   0.00812844 -2.52856e-05    -0.000157  0.000247897  7.10096e-06  0.000170229  3.11391e-05  2.46641e-05 -5.09035e-05  1.34653e-05   1.1668e-05  3.21367e-05  4.25407e-05  -0.00014495  1.46085e-05 -3.66617e-09 -2.50304e-08 -0.000168592  0.000141906  1.01355e-05
   0.0569934   0.00158628   0.00135429  3.20357e-05 -0.000432659   0.00888974  -0.00025633 -0.000471036  0.000428401  0.000203736  2.47986e-05  3.41734e-05 -0.000215842  7.77624e-05  1.51842e-05  2.50101e-05  4.25407e-05  0.000255457 -0.000272816  2.73687e-05 -1.65832e-08 -3.80054e-08 -0.000570111  0.000884844 -2.16669e-05
  -0.0575368 -0.000240591   0.00550748 -0.000255691  0.000630342   -0.0558324  0.000707205   0.00106877  -0.00132888 -0.000259162  -0.00116056 -0.000515049 -1.86648e-05  0.000440046 -0.000111828 -7.34215e-05  -0.00014495 -0.000272816   0.00101423  -9.4288e-05  6.20091e-09  7.59189e-08    0.0011263 -0.000711605  -0.00011613
  0.00425517  7.51098e-05 -0.000318662   5.3743e-05 -0.000106254   0.00621908 -3.38122e-05 -5.09786e-05  0.000109673 -4.27911e-05  0.000123502  2.64682e-05  8.52767e-05 -6.41369e-05  8.72598e-06  3.26582e-06  1.46085e-05  2.73687e-05  -9.4288e-05  1.61568e-05 -2.09239e-09 -1.51967e-08  -5.4119e-05 -2.84661e-05  1.13428e-05
-1.40727e-05 -2.02788e-07 -7.77011e-07 -1.73852e-08  8.73425e-08   1.4898e-06 -5.53532e-08  2.49664e-08 -2.48588e-08  1.32286e-08  4.55879e-08  4.10744e-08  8.56929e-09 -3.29536e-08  4.28327e-09  6.67889e-10 -3.66617e-09 -1.65832e-08  6.20091e-09 -2.09239e-09   3.7967e-12  9.69222e-12  1.50845e-08  -6.0304e-08  9.28921e-09
 -5.5738e-05 -1.29393e-06  -4.4653e-07 -9.77681e-08  2.27808e-07 -4.34214e-06 -3.51923e-08  9.09816e-08 -2.12808e-07  1.45858e-07 -7.03959e-08  9.95156e-08  -5.3331e-09 -7.29972e-08  -9.9904e-10   -9.073e-09 -2.50304e-08 -3.80054e-08  7.59189e-08 -1.51967e-08  9.69222e-12  7.10053e-11  2.01037e-07 -3.50492e-07  3.00588e-08
   -0.268018   -0.0054952    0.0136308  0.000281606  0.000279853   -0.0379392   0.00309276    0.0024472  -0.00284049  -0.00029418  -0.00128032  -0.00120064   0.00211539 -0.000343521 -0.000346018 -0.000199454 -0.000168592 -0.000570111    0.0011263  -5.4119e-05  1.50845e-08  2.01037e-07   0.00587206  -0.00722602 -9.28628e-05
      1.0106    0.0146268  -0.00474735  0.000305105 -9.79492e-05    0.0252952  -0.00212369   -0.0037293   0.00255964  0.000137546 -8.21545e-05 -0.000332374  -0.00456234   0.00228305  6.76005e-05  0.000168226  0.000141906  0.000884844 -0.000711605 -2.84661e-05  -6.0304e-08 -3.50492e-07  -0.00722602    0.0152733 -0.000353778
  -0.0379463  -0.00136497  -0.00232302  6.20414e-06  3.17218e-05   0.00665959 -0.000155808 -6.72456e-06  0.000149854 -9.36164e-06  0.000318337  0.000221992  0.000113383 -0.000228566  3.90472e-05   6.9131e-06  1.01355e-05 -2.16669e-05  -0.00011613  1.13428e-05  9.28921e-09  3.00588e-08 -9.28628e-05 -0.000353778  7.85775e-05
    148.746
    4.81134
    6.45489
   0.874204
   0.760825
    360.649
   0.143427
    0.17357
   0.502098
   0.705114
   0.700691
   0.856244
   0.817491
   0.337561
    0.61658
  0.0945442
   0.995431
    1.98813
    -4.6592
  -0.226414
3.08127e-05
0.000145631
   0.365747
   0.475278
    0.23932